0000010000000010010000000000000000000000000000000000000000000000000
0000000000000010010000011000000000010000000000010000000000000000000
0000000011101110011100000000001100001000000000011011000000000000000
0000000011000111001100000000001100001000000000011011000000000000000
0000011000000010100000000000000000000000000000000000000000000000000
0000000000000010010000011000000000010000000000010000000000000100000
0000000011001101101100000000001100001000000000011011000000000000001
0000000010111111001100000000001100001000000000011011000000000000001
0000000100100110011100000000001100000001000000100000001100000000000
0000000000000010010000011000000000010000000000010000000000001000000
0000000000000111100000000010110000000000010000000000110000000000100
0000000000000111100000000010110000000000010000000000110000000000100
0000000000000010010000000100100000000000001000011000000000000000010
0000000000000010010000011000000000000100000000010000000000000000000
0000000000000010010000010000000000001000000000000101000000000000001
0000000011100110011100000000101100001000000000000000000000000000000
0000001000000010000000000000000000000000000000000000000000000011100
0000001000000010001000000000000000000000000000000000000000000011000
0000100100001110011100000100001101000000000000000000000000000000000
0000100100001110011100000100001101000000000000000000000000000000000
0000000000000010010000010100000001000000001001011000000000000000000
0000000000000010010000010100000001000000001001000110000000000000001
0000000000000010010000000100000000000000001000000100000000000000001
0000000000000010000010000000000000010000000000000000000000001100100
0000000000000010001010000000000000010000000000000000000000001100000
0000001000000011001010000000000000000000000000000000000000000010100
0000000101000110011100010000001100000001000010100000000000000000000
0000000000000010010000011000000000100000000000000000000000000000100
0000001000000011100010010000000001000000000001000000000000000010100
0000001000000011101010000000000000000000000000000000000000000010000
0000000000000010010000000100000000100000000100000000000000000000100
0000000000000010010000011000000000100000000000000000000000000000000
1000000000000000000000100000000000000000000000000000000000000000000
0000001000000100001010000000000000000000000000000000000000000010100
0000000000000111110000010000000000000001000010100000000000000000000
0000000000000100000001000000000000100000000000000000000000000000100
0000001000000100100010000000000000000000000000000000000000000010100
0000000111010111001100010000001100000001000010100000000100000000000
0000000000000011010000000100000000100000000100000000000000000000100
0000000000000111100000000010110000000000010000000000100000000000100
0000001000000101000010000000000000000000000000000000000000000010100
0000001000000101001000000000000000000000000000000000000000000011100
0000000000000100010000001000100000100000000000000000000010000000100
0001000000000000000100000000000000000000000000000000000001000000000
0000001000000101100000000000000000000000000000000000000000000011100
0000101000000110011000000000000010000000000000000000000000000000000
0000000101111111001100010000001100000001000010100000000100000000000
0000000000000110000010000000000000000000100000000000000000000000100
0000001000000110000000000000000000000000000000000000000000000011100
0000000000000010010000000000000000000000000000000000000000000000000
0000000110100110011100000000001100000010000000000000000000000000000
0000000000000110101100000000000000000000000000000000000000100000000
0000001000000110100010000000000000000000000000000000000000000010100
0000001000000110101010000000000000000000000000000000000000000010100
0000000000000010010000000100000000100000000100000000000000000000100
0010110000000101001000000000000010000000000000000000000000000000000
0000101000000111001000000000000010000000000000000000000000000000000
0000000000000111101100000000000000000000000000000000000000100000100
0000000000000101100010000000000000000000000000000000000000010000000
0000000000000111100000000010110000000000010000000000000000000000100
0000000000000100101000010001000000000001000010100000001000000000000
0000001000000111101010000000000000000000000000000000000000000010100
0000000000000010010000010001000000000001000010100000001000000000000
0110110000000101001000000000000010000000000000000000000000000000000