001001001000000000000000000000000000000000000000000
000001001000001100000010000000000010000000000000000
000010101110000000000001000000000011011000000000000
000011101010000000000001000000000011011000000000000
001101010000000000000000000000000000000000000000000
000001001000001100000010000000000010000000000100000
000010110110000000000001000000000011011000000000001
000011010110000000000001000000000011011000000000001
000010010010000000000000001000000100000001100000000
000001001000001100000010000000000010000000001000000
000011110001000001010000000010000000000110000000100
000011110001000001010000000010000000000110000000100
000001001000000010010000000001000011000000000000010
000001001000001100000000100000000010000000000000000
000001001000001000000001000000000000101000000000001
000001110010000000010001000000000000000000000000000
000101000000000000000000000000000000000000000011100
000101000100000000000000000000000000000000000011000
010011001110000010001000000000000000000000000000000
010011001110000010001000000000000000000000000000000
000001001000001010001000000001001011000000000000000
000001001000001010001000000001001000110000000000001
000001001000000010000000000001000000100000000000001
000001000001000000000010000000000000000000001100100
000001000101000000000010000000000000000000001100000
000101100101000000000000000000000000000000000010100
000001001000000000000000000000000000000000000000000
000001001000001100000100000000000000000000000000100
000101110001001000001000000000001000000000000010100
000101110101000000000000000000000000000000000010000
000001001000000010000100000000100000000000000000100
000001001000001100000100000000000000000000000000000
100000000000010000000000000000000000000000000000000
000110000101000000000000000000000000000000000010100
000011111000001000000000001000010100000000000000000
000010000000100000000100000000000000000000000000100
000110010001000000000000000000000000000000000010100
000010110010001000000000001000010100000000100000000
000011111100000010000100000000100000000000000000100
000011110001000001010000000010000000000100000000100
000110100001000000000000000000000000000000000010100
000011110001000001010000000010000000000100000000100
000010001000000100010100000000000000000000010000100
011001110100000000000000000000000000000000000000000
000110110000000000000000000000000000000000000011100
010101100100000000000000000000000000000000000000000
000010111101000000000000000100000000000000000000100
000011000010001000000000001000010100000000100000000
000111000000000000000000000000000000000000000011100
000011110001000001010000000010000000000010000000100
000011010010000000000000010000000000000000000000000
010110000100000000000000000000000000000000000000000
000111010001000000000000000000000000000000000010100
010101011100000000000000000000000000000000000000000
000001001000000010000100000000100000000000000000100
000011110001000001010000000010000000000010000000100
000011110001000001010000000010000000000010000000100
000011110001000001010000000010000000000010000000100
011001100000000000000000000000000000000000000000000
000011110001000001010000000010000000000000000000100
000010010100001000100000001000010100000001000000000
000011110001000001010000000010000000000010000000100
000001001000001000100000001000010100000001000000000
000010100010001000000000001000010100000000000000000